2
3
4
5
6
7
11
13
14
15
18
19
22
24
25
26
28
29
30
31
32
33
35
38
40
41
43
44
46
47
49
53
57
58
59
60
63
64
65
66
67
69
71
72
73
78
79
80
82
85
87
89
90
92
93
98
99
103
107
108
109
110
111
112
114
116
118
119
120
122
123
124
125
126
129
130
131
132
138
139
142
143
144
145
147
148
149
150
152
157
158
160
161
163
166
167
168
170
171
172
174
182
184
185
186
187
193
194
195
196
197
199
203
204
205
206
208
209
210
211
212
213
214
215
216
219
220
221
223
227
228
233
235
236
239
241
243
248
251
252
253
254
256
259
260
262
264
265
266
268
269
274
275
278
282
285
286
288
289
291
295
297
298
299
300
302
303
304
305
306
308
310
313
