1
4
5
6
7
9
10
12
13
15
16
19
20
23
26
28
29
30
33
34
36
37
39
44
45
51
53
54
57
61
63
64
65
68
69
70
71
72
73
76
78
79
80
82
83
85
86
88
89
92
94
96
97
99
100
104
105
106
107
108
111
112
120
121
123
124
127
129
131
134
135
138
147
148
151
153
158
159
160
163
164
166
167
168
169
171
172
174
175
177
178
179
181
182
184
186
187
189
190
191
192
194
195
196
197
199
200
202
203
207
209
212
213
216
219
220
221
225
228
230
232
233
234
237
238
239
242
244
245
247
249
251
252
253
255
257
258
259
260
261
262
263
267
268
270
272
273
274
276
277
278
280
281
282
283
284
285
286
288
289
291
292
293
294
295
296
297
300
303
304
305
306
307
308
311
312
313
315
317
318
319
320
322
324
325
326
327
328
329
330
334
336
337
338
342
343
346
347
349
350
351
352
357
359
360
363
364
365
367
370
371
373
375
376
379
380
382
383
384
385
386
387
390
391
393
394
395
401
402
404
405
408
409
412
413
414
416
418
419
420
421
422
423
426
427
428
430
431
432
434
435
443
444
445
447
448
450
451
452
453
455
457
461
462
464
466
467
468
469
473
474
475
478
479
480
481
483
486
487
489
491
492
494
495
497
498
499
500
501
502
503
504
505
506
508
509
510
511
512
513
514
515
521
523
524
525
526
527
529
531
532
534
535
538
539
540
541
542
545
546
547
549
550
552
553
555
558
561
562
566
568
569
570
571
572
573
574
575
579
580
581
582
584
585
586
587
589
591
592
594
595
596
601
602
604
605
606
607
609
611
613
614
616
617
618
619
620
621
622
623
628
634
637
640
641
642
643
645
647
648
651
652
653
654
655
656
661
664
665
667
668
669
670
671
673
679
681
682
684
685
687
689
690
691
692
695
696
698
699
701
705
707
708
711
714
716
719
720
721
723
727
728
729
730
732
734
736
738
739
740
741
742
743
744
750
752
755
761
763
765
769
774
775
777
779
780
781
783
785
786
787
788
789
792
793
795
796
797
798
799
800
801
803
804
805
806
808
809
810
811
812
814
816
817
818
825
826
827
829
830
832
833
834
837
840
842
845
847
849
850
851
852
853
854
855
858
860
861
862
863
864
865
866
867
868
869
874
875
879
880
881
886
890
891
893
895
896
898
900
902
903
905
906
907
908
911
919
920
923
924
926
929
930
931
933
935
936
938
945
947
949
951
953
954
957
958
959
960
961
962
963
964
966
967
968
970
